AlphaCprompt	0.753078
0.111448	-0.138794	0.020586	-0.019708	0.058633	0.080296	-0.129518	0.017112	
0.098027	0.076382	0.064037	0.068099	0.050157	0.051744	0.053293	0.053952	
AlphaCdelayed	0.869489
-0.097315	-0.155550	0.134045	0.013916	0.011414	0.087170	-0.058180	0.064534	
0.037494	0.029061	0.025645	0.027129	0.020297	0.020431	0.020484	0.021385	
AlphaD	0.929875
-0.114540	-0.150782	0.046498	0.216356	0.014589	0.012544	-0.126219	0.101547	
0.015095	0.011381	0.010078	0.010339	0.008066	0.008102	0.008150	0.008715	
AlphaE	1.17372
-0.069227	-0.146183	0.180919	-0.002529	0.024254	0.014544	-0.062097	0.060340	
0.016025	0.013562	0.011930	0.013006	0.009484	0.009532	0.009626	0.010408	
K	1.42876
-0.189423	-0.164701	0.101724	0.0818334	0.0232367	0.0651296	-0.0665731	0.148815	
0.00245863	0.00191785	0.00170256	0.00165781	0.00146864	0.00149397	0.00154394	0.00156472	
Tl	2.66037
-0.115684	-0.118506	0.0855443	0.0461857	0.179152	-0.00334186	-0.124822	0.0514449	
0.0015706	0.00129932	0.00115013	0.00113737	0.00104395	0.000964221	0.00107691	0.00110564	
nHSPN	2.300000
-0.197836	-0.155933	0.034884	0.049649	0.047298	0.083647	-0.072623	0.210978	
0.015358	0.011656	0.012538	0.013186	0.028134	0.037679	0.028717	0.029870	
nHIBD	2.300000
0.000000	0.000000	0.000000	0.000000	0.000000	0.000000	0.000000	0.000000	
0.000000	0.000000	0.000000	0.000000	0.000000	0.000000	0.000000	0.000000	
nGdSPN	8.050000
-0.106440	-0.068029	0.085771	0.059889	-0.002499	-0.000773	-0.033592	0.065696	
0.005586	0.004191	0.004649	0.004849	0.014560	0.014563	0.015005	0.015432	
nGdIBD	8.050000
-0.082450	-0.016019	0.133896	0.107006	-0.017235	-0.051698	-0.088712	0.015271	
0.007490	0.005608	0.005806	0.006112	0.015263	0.015376	0.015609	0.015896	
Co	2.500000
0.000000	0.000000	0.000000	0.000000	0.000000	0.000000	0.000000	0.000000	
0.000000	0.000000	0.000000	0.000000	0.000000	0.000000	0.000000	0.000000	
