AlphaCprompt	0.792862
0.171816	-0.065922	0.074575	0.007713	0.037152	-0.000744	-0.180860	-0.043738	
0.100605	0.077642	0.065637	0.068302	0.050715	0.051960	0.053389	0.054134	
AlphaCdelayed	0.911886
-0.043657	-0.101524	0.172352	0.024531	0.006621	0.000712	-0.105432	0.046409	
0.037443	0.028881	0.025394	0.026896	0.020066	0.020171	0.020217	0.021143	
AlphaD	0.973512
-0.044316	-0.111781	0.081296	0.197069	0.020211	-0.063975	-0.150611	0.072113	
0.014921	0.011208	0.009886	0.010146	0.007905	0.007919	0.007970	0.008541	
AlphaE	1.22099
0.000459	-0.110306	0.210185	0.005887	0.017857	-0.059859	-0.102886	0.038711	
0.015636	0.013210	0.011565	0.012620	0.009185	0.009215	0.009305	0.010081	
K	1.476590
-0.124119	-0.117386	0.126299	0.076406	0.016026	-0.006515	-0.095741	0.125015	
0.002434	0.001903	0.001666	0.001645	0.001455	0.001490	0.001526	0.001554	
Tl	2.705760
-0.067003	-0.086432	0.100205	0.042983	0.170433	-0.051592	-0.138130	0.029501	
0.001535	0.001191	0.001042	0.001119	0.000957	0.000948	0.000996	0.001002	
nHSPN	2.300000
-0.130305	-0.103538	0.064394	0.052265	0.033343	0.018127	-0.094867	0.160582	
0.014136	0.010851	0.011787	0.012325	0.027189	0.027540	0.027769	0.028842	
nHIBD	2.300000
0.000000	0.000000	0.000000	0.000000	0.000000	0.000000	0.000000	0.000000	
0.000000	0.000000	0.000000	0.000000	0.000000	0.000000	0.000000	0.000000	
nGdSPN	8.050000
-0.089379	-0.061672	0.090200	0.051512	0.003153	-0.020034	-0.045814	0.072046	
0.005510	0.004132	0.004584	0.004778	0.014352	0.014346	0.014775	0.015234	
nGdIBD	8.050000
-0.082450	-0.016019	0.133896	0.107006	-0.017235	-0.051698	-0.088712	0.015271	
0.007490	0.005608	0.005806	0.006112	0.015263	0.015376	0.015609	0.015897	
Co	2.500000
0.000000	0.000000	0.000000	0.000000	0.000000	0.000000	0.000000	0.000000	
0.000000	0.000000	0.000000	0.000000	0.000000	0.000000	0.000000	0.000000	
